2015-06-07, 17:29:38, 470000000, 471000000, 1000000.00, 2, 2.26, 2.26
2015-06-07, 17:29:38, 471000000, 472000000, 1000000.00, 2, 2.30, 2.30
2015-06-07, 17:29:38, 472000000, 473000000, 1000000.00, 2, 2.43, 2.43
2015-06-07, 17:29:38, 473000000, 474000000, 1000000.00, 2, 3.08, 3.08
2015-06-07, 17:29:38, 474000000, 475000000, 1000000.00, 2, 2.85, 2.85
2015-06-07, 17:29:38, 475000000, 476000000, 1000000.00, 2, 7.45, 7.45
2015-06-07, 17:29:38, 476000000, 477000000, 1000000.00, 2, 3.25, 3.25
2015-06-07, 17:29:38, 477000000, 478000000, 1000000.00, 2, 2.90, 2.90
2015-06-07, 17:29:38, 478000000, 479000000, 1000000.00, 2, 2.86, 2.86
2015-06-07, 17:29:38, 479000000, 480000000, 1000000.00, 2, 11.23, 11.23
2015-06-07, 17:29:38, 480000000, 481000000, 1000000.00, 2, 10.54, 10.54
2015-06-07, 17:29:38, 481000000, 482000000, 1000000.00, 2, 3.17, 3.17
2015-06-07, 17:29:38, 482000000, 483000000, 1000000.00, 2, 2.34, 2.34
2015-06-07, 17:29:38, 483000000, 484000000, 1000000.00, 2, 1.92, 1.92
2015-06-07, 17:29:38, 484000000, 485000000, 1000000.00, 2, 3.27, 3.27
2015-06-07, 17:29:38, 485000000, 486000000, 1000000.00, 2, 2.50, 2.50
2015-06-07, 17:29:38, 486000000, 487000000, 1000000.00, 2, 4.34, 4.34
2015-06-07, 17:29:38, 487000000, 488000000, 1000000.00, 2, 4.97, 4.97
2015-06-07, 17:29:38, 488000000, 489000000, 1000000.00, 2, 6.06, 6.06
2015-06-07, 17:29:38, 489000000, 490000000, 1000000.00, 2, 12.74, 12.74
2015-06-07, 17:29:38, 490000000, 491000000, 1000000.00, 2, 7.75, 7.75
2015-06-07, 17:29:38, 491000000, 492000000, 1000000.00, 2, 5.17, 5.17
2015-06-07, 17:29:38, 492000000, 493000000, 1000000.00, 2, 7.31, 7.31
2015-06-07, 17:29:38, 493000000, 494000000, 1000000.00, 2, 7.61, 7.61
2015-06-07, 17:29:38, 494000000, 495000000, 1000000.00, 2, 15.32, 15.32
2015-06-07, 17:29:38, 495000000, 496000000, 1000000.00, 2, 15.03, 15.03
2015-06-07, 17:29:38, 496000000, 497000000, 1000000.00, 2, 13.92, 13.92
2015-06-07, 17:29:38, 497000000, 498000000, 1000000.00, 2, 15.14, 15.14
2015-06-07, 17:29:38, 498000000, 499000000, 1000000.00, 2, 14.88, 14.88
2015-06-07, 17:29:38, 499000000, 500000000, 1000000.00, 2, 15.45, 15.45
2015-06-07, 17:29:38, 500000000, 501000000, 1000000.00, 2, 14.90, 14.90
2015-06-07, 17:29:38, 501000000, 502000000, 1000000.00, 2, 14.77, 14.77
2015-06-07, 17:29:38, 502000000, 503000000, 1000000.00, 2, 5.48, 5.48
2015-06-07, 17:29:38, 503000000, 504000000, 1000000.00, 2, 1.94, 1.94
2015-06-07, 17:29:38, 504000000, 505000000, 1000000.00, 2, 2.52, 2.52
2015-06-07, 17:29:38, 505000000, 506000000, 1000000.00, 2, 2.13, 2.13
2015-06-07, 17:29:38, 506000000, 507000000, 1000000.00, 2, 2.36, 2.36
2015-06-07, 17:29:38, 507000000, 508000000, 1000000.00, 2, -0.53, -0.53
2015-06-07, 17:29:38, 508000000, 509000000, 1000000.00, 2, 4.79, 4.79
2015-06-07, 17:29:38, 509000000, 510000000, 1000000.00, 2, 6.56, 6.56
2015-06-07, 17:29:38, 510000000, 511000000, 1000000.00, 2, 15.27, 15.27
2015-06-07, 17:29:38, 511000000, 512000000, 1000000.00, 2, 15.75, 15.75
2015-06-07, 17:29:38, 512000000, 513000000, 1000000.00, 2, 15.90, 15.90
2015-06-07, 17:29:38, 513000000, 514000000, 1000000.00, 2, 14.72, 14.72
2015-06-07, 17:29:38, 514000000, 515000000, 1000000.00, 2, 13.46, 13.46
2015-06-07, 17:29:38, 515000000, 516000000, 1000000.00, 2, 13.00, 13.00
2015-06-07, 17:29:38, 516000000, 517000000, 1000000.00, 2, 13.27, 13.27
2015-06-07, 17:29:38, 517000000, 518000000, 1000000.00, 2, 11.47, 11.47
2015-06-07, 17:29:38, 518000000, 519000000, 1000000.00, 2, 13.14, 13.14
2015-06-07, 17:29:38, 519000000, 520000000, 1000000.00, 2, 14.78, 14.78
2015-06-07, 17:29:38, 520000000, 521000000, 1000000.00, 2, 14.14, 14.14
2015-06-07, 17:29:38, 521000000, 522000000, 1000000.00, 2, 12.14, 12.14
2015-06-07, 17:29:38, 522000000, 523000000, 1000000.00, 2, 10.29, 10.29
2015-06-07, 17:29:38, 523000000, 524000000, 1000000.00, 2, 8.37, 8.37
2015-06-07, 17:29:38, 524000000, 525000000, 1000000.00, 2, 12.86, 12.86
2015-06-07, 17:29:38, 525000000, 526000000, 1000000.00, 2, 11.66, 11.66
2015-06-07, 17:29:38, 526000000, 527000000, 1000000.00, 2, -4.37, -4.37
2015-06-07, 17:29:38, 527000000, 528000000, 1000000.00, 2, -5.06, -5.06
2015-06-07, 17:29:38, 528000000, 529000000, 1000000.00, 2, -4.98, -4.98
2015-06-07, 17:29:38, 529000000, 530000000, 1000000.00, 2, -4.81, -4.81
2015-06-07, 17:29:38, 530000000, 531000000, 1000000.00, 2, -4.65, -4.65
2015-06-07, 17:29:38, 531000000, 532000000, 1000000.00, 2, -4.18, -4.18
2015-06-07, 17:29:38, 532000000, 533000000, 1000000.00, 2, 3.34, 3.34
2015-06-07, 17:29:38, 533000000, 534000000, 1000000.00, 2, -3.49, -3.49
2015-06-07, 17:29:38, 534000000, 535000000, 1000000.00, 2, -3.43, -3.43
2015-06-07, 17:29:38, 535000000, 536000000, 1000000.00, 2, -3.52, -3.52
2015-06-07, 17:29:38, 536000000, 537000000, 1000000.00, 2, -4.08, -4.08
2015-06-07, 17:29:38, 537000000, 538000000, 1000000.00, 2, -3.09, -3.09
2015-06-07, 17:29:38, 538000000, 539000000, 1000000.00, 2, -3.46, -3.46
2015-06-07, 17:29:38, 539000000, 540000000, 1000000.00, 2, -5.42, -5.42
2015-06-07, 17:29:38, 540000000, 541000000, 1000000.00, 2, -5.99, -5.99
2015-06-07, 17:29:38, 541000000, 542000000, 1000000.00, 2, -5.58, -5.58
2015-06-07, 17:29:38, 542000000, 543000000, 1000000.00, 2, -4.71, -4.71
2015-06-07, 17:29:38, 543000000, 544000000, 1000000.00, 2, -4.19, -4.19
2015-06-07, 17:29:38, 544000000, 545000000, 1000000.00, 2, -3.66, -3.66
2015-06-07, 17:29:38, 545000000, 546000000, 1000000.00, 2, -3.90, -3.90
2015-06-07, 17:29:38, 546000000, 547000000, 1000000.00, 2, -4.68, -4.68
2015-06-07, 17:29:38, 547000000, 548000000, 1000000.00, 2, -0.08, -0.08
2015-06-07, 17:29:38, 548000000, 549000000, 1000000.00, 2, -6.14, -6.14
2015-06-07, 17:29:38, 549000000, 550000000, 1000000.00, 2, -7.11, -7.11
2015-06-07, 17:29:38, 550000000, 551000000, 1000000.00, 2, -6.95, -6.95
2015-06-07, 17:29:38, 551000000, 552000000, 1000000.00, 2, -6.21, -6.21
2015-06-07, 17:29:38, 552000000, 553000000, 1000000.00, 2, -5.30, -5.30
2015-06-07, 17:29:38, 553000000, 554000000, 1000000.00, 2, -4.64, -4.64
2015-06-07, 17:29:38, 554000000, 555000000, 1000000.00, 2, -4.29, -4.29
2015-06-07, 17:29:38, 555000000, 556000000, 1000000.00, 2, -4.41, -4.41
2015-06-07, 17:29:38, 556000000, 557000000, 1000000.00, 2, -4.69, -4.69
2015-06-07, 17:29:38, 557000000, 558000000, 1000000.00, 2, -5.91, -5.91
2015-06-07, 17:29:38, 558000000, 559000000, 1000000.00, 2, -6.94, -6.94
2015-06-07, 17:29:38, 559000000, 560000000, 1000000.00, 2, -7.68, -7.68
2015-06-07, 17:29:38, 560000000, 561000000, 1000000.00, 2, -7.26, -7.26
2015-06-07, 17:29:38, 561000000, 562000000, 1000000.00, 2, 2.14, 2.14
2015-06-07, 17:29:38, 562000000, 563000000, 1000000.00, 2, -4.54, -4.54
2015-06-07, 17:29:38, 563000000, 564000000, 1000000.00, 2, -3.29, -3.29
2015-06-07, 17:29:38, 564000000, 565000000, 1000000.00, 2, -2.10, -2.10
2015-06-07, 17:29:38, 565000000, 566000000, 1000000.00, 2, -3.02, -3.02
2015-06-07, 17:29:38, 566000000, 567000000, 1000000.00, 2, -4.07, -4.07
2015-06-07, 17:29:38, 567000000, 568000000, 1000000.00, 2, -5.34, -5.34
2015-06-07, 17:29:38, 568000000, 569000000, 1000000.00, 2, -6.74, -6.74
2015-06-07, 17:29:38, 569000000, 570000000, 1000000.00, 2, -7.96, -7.96
2015-06-07, 17:29:38, 570000000, 571000000, 1000000.00, 2, -8.22, -8.22
2015-06-07, 17:29:38, 571000000, 572000000, 1000000.00, 2, -6.94, -6.94
2015-06-07, 17:29:38, 572000000, 573000000, 1000000.00, 2, -5.28, -5.28
2015-06-07, 17:29:38, 573000000, 574000000, 1000000.00, 2, -3.56, -3.56
2015-06-07, 17:29:38, 574000000, 575000000, 1000000.00, 2, -2.86, -2.86
2015-06-07, 17:29:38, 575000000, 576000000, 1000000.00, 2, -2.33, -2.33
2015-06-07, 17:29:38, 576000000, 577000000, 1000000.00, 2, -3.23, -3.23
2015-06-07, 17:29:38, 577000000, 578000000, 1000000.00, 2, -5.75, -5.75
2015-06-07, 17:29:38, 578000000, 579000000, 1000000.00, 2, -6.31, -6.31
2015-06-07, 17:29:38, 579000000, 580000000, 1000000.00, 2, -5.93, -5.93
2015-06-07, 17:29:38, 580000000, 581000000, 1000000.00, 2, -5.36, -5.36
2015-06-07, 17:29:38, 581000000, 582000000, 1000000.00, 2, -5.53, -5.53
2015-06-07, 17:29:38, 582000000, 583000000, 1000000.00, 2, -4.54, -4.54
2015-06-07, 17:29:38, 583000000, 584000000, 1000000.00, 2, -3.36, -3.36
2015-06-07, 17:29:38, 584000000, 585000000, 1000000.00, 2, -2.18, -2.18
2015-06-07, 17:29:38, 585000000, 586000000, 1000000.00, 2, -2.63, -2.63
2015-06-07, 17:29:38, 586000000, 587000000, 1000000.00, 2, -3.94, -3.94
2015-06-07, 17:29:38, 587000000, 588000000, 1000000.00, 2, -5.32, -5.32
2015-06-07, 17:29:38, 588000000, 589000000, 1000000.00, 2, -6.52, -6.52
2015-06-07, 17:29:38, 589000000, 590000000, 1000000.00, 2, -6.84, -6.84
