1 18729 1.9788891726118196 37.06261531384677
1 18729 1.9788891726118196 37.06261531384677
2 18655 1.983939264116986 37.010386972102374
3 18671 1.977655470083761 36.9248052819339
4 18726 1.9807957864689991 37.09238189741848
5 18599 1.9690640158530397 36.62262163085069
6 18596 1.9674165902462795 36.58607891221981
7 18541 1.9699800459067256 36.5254000311566
8 18586 1.9719596111036737 36.65084133197288
9 18577 1.967588613263681 36.551893668599405
10 18460 1.9986344637539901 36.89479220089866
11 18471 1.978673297510915 36.54807447832411
12 18400 1.9766379939363132 36.37013908842817
13 18545 1.9674563896770763 36.486478746561374
14 18443 1.9784162608804388 36.487931099417935
15 18320 1.9934737780682565 36.52043961421046
16 18193 1.9864575717897326 36.13962260357061
17 18258 1.981978247988882 36.18695885178101
18 18286 1.9893231596724854 36.37676329777107
19 18055 1.9882979425102913 35.89871935202331
20 18047 1.9966436579103506 36.03342809430809
21 18156 1.9843635359533516 36.02810435876905
22 17778 1.9785436713853197 35.17454938988821
23 18075 1.9918872360000053 36.0033617907001
24 17719 1.9935420488562299 35.32357156368354
25 17858 1.9881270831183668 35.50397345032779
26 17598 1.9895864090560833 35.01274162656895
27 17466 1.9954190752679903 34.85198956863072
28 17614 2.005511808204226 35.32508498970924
29 17525 1.989246593562407 34.86154655218119
30 17555 1.9892845970365967 34.921891100977454
31 17496 1.9923032174292745 34.857337092142586
32 17458 1.9882535936008618 34.71093123708385
33 17524 1.995137130851123 34.96278308103508
34 17377 2.0033466848337937 34.81215534235683
35 17413 2.0054950175113384 34.92168473992494
36 17430 2.006343917516252 34.97057448230827
37 17465 1.9910793612484805 34.77420104420471
38 17447 2.00814127867302 35.036040889008184
39 17528 2.0008107258793935 35.07021040321401
40 17498 1.9937214510674646 34.8861379507785
41 17498 2.0008603331185153 35.01105410890778
42 17729 1.9880046644107638 35.24533469533843
43 17615 1.9835320508933232 34.939917076485884
44 17537 1.993774159376674 34.96481743298873
45 17511 1.9898242217824145 34.84381194763186
46 17477 1.993417670559655 34.83896062837109
47 17475 2.0137905325673313 35.19098955661411
48 17471 2.0014840277239623 34.967927448365344
49 17471 2.0080254454429167 35.0822125573332
50 17738 1.996397919116606 35.41210628929036
51 17493 2.016245120160288 35.27017588696392
52 17580 1.9933879354981539 35.043759906057545
53 17499 2.0122982387807347 35.213206880424075
54 17415 2.0125975171299406 35.04938576081792
55 17481 2.001894618275309 34.99511982207067
56 17463 2.0036754058783104 34.99018361285293
57 17525 1.9960958726344777 34.981580167919226
58 17489 2.0214226423000365 35.35266059118534
59 17529 2.0067617687702706 35.17652704477407
60 17515 2.0065480710748873 35.144689464876656
