0 11330 3.1411464159375724 35.58918889257269
1 11706 2.817881892825023 32.98612543740972
2 11399 2.582029927006071 29.432559137942203
3 11650 2.7447639296785433 31.976499780755027
4 11589 2.650718024003226 30.719171180173387
5 11722 2.3818596475446046 27.920158788517853
6 11465 2.3586812184908745 27.042280169997877
7 11695 2.5043328330808947 29.288172482881063
8 11763 2.756426400992815 32.42384375487848
9 11774 2.727422296892966 32.11267012361778
10 11551 2.627285442745081 30.34777414914843
11 11483 2.744325355882944 31.513088061603845
12 11620 2.7438047168237167 31.883010809491587
13 11704 2.7402895774938187 32.07234921498765
14 11775 2.719007717917403 32.016315878477414
15 11423 2.7086769246039513 30.941216509750934
16 11520 2.2778968538068285 26.24137175585466
17 11489 2.3244787246325296 26.705936067303135
18 11540 2.048122436507919 23.635332917301383
19 11577 2.724795131225132 31.54495323419335
20 11310 2.750803886425967 31.11159195547769
21 11206 2.6370047877985097 29.550275652070102
22 11240 2.485410575304924 27.936014866427346
23 11305 2.499661809715464 28.258676758833325
24 11379 2.722496815245741 30.97929126068129
25 11410 2.503852977427816 28.568962472451386
26 11285 2.710893991421214 30.5924386931884
27 11722 2.4742690942328234 29.003382322597155
28 11333 2.522624084718025 28.588898752109376
29 11291 2.2729041140001995 25.66336035117625
30 11252 2.7052539110600162 30.4395170072473
31 11295 1.9774614195483007 22.335426733798055
32 11280 2.653801145319515 29.93487691920413
33 11280 2.460382437925807 27.7531138998031
34 11179 2.4388098566722753 27.263455387739366
35 11570 2.731160573587829 31.59952783641118
36 11525 2.6717540823134724 30.791965798662773
37 11349 2.7242311275229083 30.91729906625749
38 11115 2.7048013973517047 30.063867531564195
39 11258 2.7147891761973146 30.563096545629367
40 11261 2.4377363427572036 27.451348955788873
41 11251 2.276480823796851 25.612685748538368
42 11206 2.733523329966154 30.63186243560072
43 11231 2.406494813009543 27.027343244910178
44 330 0 0
