1 13503 2.0273499272694537 27.375306067919436
2 13951 1.9738195195486201 27.536756117222797
3 14036 1.9782702821268274 27.76700167993215
4 14025 1.9741854230286644 27.687950557977018
5 13852 1.9804706853705238 27.433479933752498
6 13886 1.9829166271664291 27.534780284833037
7 13862 1.9789217727068769 27.431813613262726
8 13816 1.9837332795087592 27.40725898969302
9 13790 1.995304437102296 27.515248187640665
10 13775 2.0020576629099285 27.578344306584267
11 13823 1.9836465196166488 27.419945840660937
12 13795 2.0064606768288122 27.679125036853467
13 13894 1.9811817900295823 27.526539790671016
14 13908 1.9850447510547833 27.608002397669928
15 13850 1.9779225181458129 27.39422687631951
16 13719 1.9893891223166797 27.292429369062532
17 13699 2.0051313499579786 27.468294363074346
18 13748 2.0070224578329414 27.592544750287278
19 13897 1.9913281377602248 27.673487130453843
20 13788 1.9959675436728053 27.52040049216064
21 13702 2.0133706763766717 27.587205007713152
22 13769 1.992475216628841 27.434391257762513
23 13686 1.9879377926693371 27.20691663047255
24 13728 1.9954500725148254 27.393538595483523
25 13511 1.9981539852242092 26.99705849436429
26 13308 2.012207532902404 26.778457847865194
27 13453 2.0932857137016607 28.160972706428442
28 13320 2.0035861756742888 26.687767859981527
29 13465 2.0154718702521124 27.138328732944693
30 13344 2.0152436057410816 26.891410675008995
31 13545 1.999651427679151 27.0852785879141
32 13430 2.003760902778193 26.91050892431113
33 13360 2.0094705675935716 26.846526783050113
34 13247 2.010654134445623 26.635135319001165
35 13300 2.0112372213744387 26.749455044280037
36 13269 2.0105153498573487 26.67752817725716
37 13353 2.0162907553148335 26.923530455718975
38 13359 2.0095960035838143 26.846193011876174
39 13295 2.007514176018314 26.68990097016349
40 13306 2.01061734289475 26.753274364557544
41 13300 2.021894887515344 26.891202003954078
42 13285 1.9989007804959678 26.555396868888934
43 13324 2.0031558750322636 26.69004887892988
44 13267 2.0064711531966104 26.61985278945943
45 13360 2.0093440006533188 26.844835848728337
46 13335 2.0058095628364425 26.74747052042396
47 13265 2.014334706378537 26.72014988011129
48 13384 2.015880792016106 26.980548520343568
49 13314 2.014909609702259 26.82650654357588
50 13350 2.0413553015686685 27.25209327594172
51 13338 2.002798034487195 26.71332018399021
52 13495 2.006440855521888 27.076919345267882
53 13389 2.003988528506104 26.831402408168227
54 13393 2.008853104707123 26.904569631342504
55 13511 2.0100157928509557 27.15732337720926
56 13355 2.017683643492188 26.94616505883817
57 13332 2.0198318861758153 26.92839870649597
58 13206 2.04091725766459 26.952353304718574
59 13355 2.0115309262651024 26.863995520270443
60 13411 2.0179117405399363 27.062214352381087
61 13420 2.007165966229778 26.93616726680362