1 13996 2.0140568655834716 28.188739890706266
2 13850 2.0242309073664164 28.035598067024864
3 13787 2.0644065559544815 28.461973186944437
4 13854 2.026981442127258 28.081800899231034
5 13897 2.05526618675722 28.562034197365087
6 13768 2.03427799766145 28.00793947180284
7 13838 2.0290383829275522 28.07783314295147
8 13773 2.0212772179447294 27.83905112275276
9 13835 2.054329637009185 28.421650528022077
10 13837 2.0281305008019372 28.063241739596407
11 13775 2.0358667556739194 28.044064559408238
12 13807 2.034312701731235 28.08775547280316
13 13812 2.0419735036301994 28.20373803214031
14 13766 2.0374339589712984 28.047315879198894
15 13913 2.0430476079419733 28.424921369296673
16 13878 2.018244445668622 28.009196416989138
17 13839 2.0379463916355234 28.203140113844004
18 13797 2.0380876328466457 28.11949507038517
19 13638 2.048823329994072 27.94185257445916
20 13670 2.1228722015103973 29.019662994647135
21 13522 2.0383822498554696 27.563004782545658
22 13631 2.0433341252940314 27.852687461882944
23 13481 2.038526346346181 27.481373675092865
24 13469 2.0421622094618175 27.505882799241224
25 13326 2.0293520198727517 27.04314501682429
26 13395 2.03909757432538 27.313712008088466
27 13195 2.042388994169484 26.94932277806634
28 13371 2.033286233485019 27.187070227928185
29 13552 2.038157058291026 27.621104453959983
30 13703 2.0447044316798277 28.018584827308683
31 13608 2.038599954438923 27.741268180004866
32 13250 2.0478626733943925 27.1341804224757
33 13238 2.0627364341439267 27.3065049151973
34 13303 2.0596726590598866 27.399825383473672
35 13383 2.0368854284305304 27.259637688685785
36 13228 2.0558810473116815 27.195194493838923
37 13304 2.042400058608153 27.17209037972287
38 13306 2.0497298446588292 27.27370531303038
39 13320 2.0528092699560974 27.343419475815214
40 13314 2.04416183782648 27.215970708821757
41 13320 2.0504320072883964 27.31175433708144
42 13238 2.047673770003802 27.107105367310336
43 13393 2.036604056958009 27.276238134838614
44 13417 2.0267883282555914 27.193419000205267
45 13267 2.0554677605102487 27.269890778689472
46 13315 2.055535159435609 27.36945064788513
47 13313 2.042834311368047 27.196253187242807
48 13384 2.063734654523965 27.62102461614875
49 13429 2.055973275014318 27.609665110167278
50 13315 2.051184917383151 27.311527174956655
51 13244 2.059913413734557 27.28149325150047
52 13292 2.0477272549350145 27.218390672596215
53 13421 2.1098174998635173 28.315860665668268
54 13299 2.0668011806998017 27.486388902126663
55 13421 2.047371302007301 27.477770244239988
56 13334 2.1077113253791713 28.10422281260587
57 13334 2.03963580073211 27.196503766961953
58 13363 2.0451597787826015 27.329470123871904
59 13355 2.0550681352199667 27.445434945862658
60 13370 2.045384308088249 27.34678819913989
61 13366 2.059108109580191 27.52203899264883
62 13327 2.0417208299327863 27.210013500514243