1 9890 2.014677275732802 19.925158256997413
2 9980 2.0098163533580924 20.05796720651376
3 10515 2.029166689353257 21.3366877385495
4 9865 2.0203353998210214 19.930608719234378
5 9919 2.027845818520617 20.114202673906004
6 10844 2.0025692353348137 21.71586078797072
7 11250 2.020035262651464 22.725396704828974
8 11260 2.0146857057627825 22.685361046888932
9 11169 2.014700393450352 22.50218869444698
10 11230 1.9976956015724927 22.434121605659094
11 10455 2.0026968856028953 20.93819593897827
12 10534 2.0110415520265135 21.184311709047293
13 10547 2.0098651499587232 21.198047736614654
14 10458 2.0141782518878024 21.064276158242638
15 10472 2.0111372804721257 21.0606296011041
16 10467 2.0100659441512683 21.039360237431328
17 10517 2.025136606834481 21.29836169407824
18 10550 2.0208585067932954 21.32005724666927
19 10598 2.0152908338936313 21.358052257604704
20 10574 2.01723602047256 21.33025368047685
21 10573 2.017747421167634 21.333643484005396
22 10510 2.028437450487891 21.318877604627733
1 10370 2.0215677773773226 20.963657851402836
2 10454 2.0015367157466053 20.924064826415012
3 10410 2.008529098192533 20.908787912184266
4 10230 2.0163388873857904 20.627146817956636
5 10490 2.002771490875546 21.00907293928448
6 10484 1.994412975738015 20.909425637637348
7 10390 2.001354342048348 20.794071613882334
8 10547 2.0047907540943424 21.14452808343303
9 10425 2.002718182600257 20.87833705360768
10 10482 1.9898044806273494 20.857130565935876
11 10515 1.9862047386348134 20.884942826745064
12 10395 2.0027332620267635 20.818412258768205