1 11690 1.9821480823730673 23.171311082941155
2 11742 2.0020194957470574 23.507712919061948
3 11676 1.9813403969792673 23.134130475129925
4 11794 2.0080275385752975 23.682676789957057
5 11703 1.9886248791120378 23.272876960248176
6 11785 1.9723180733512746 23.243768494444772
7 11618 1.9871885764303312 23.087156880967587
8 11608 1.9989028145138412 23.20326387087667
9 11722 1.979209847272935 23.200297829733344
10 11787 1.9758995941229733 23.28992851592749
11 11585 1.9877760915852174 23.028386021014743
12 11649 1.988786265623253 23.167371208245275
13 11611 1.9957705707882147 23.17289209742196
14 11680 1.9962952737058586 23.31672879688443
15 11590 1.9991572959384167 23.17023305992625
16 11519 2.005399142690511 23.100192724652
17 11588 2.0042165163807524 23.224860991820158
18 11557 1.98980959928112 22.996229538891903
19 11575 1.9987351333707926 23.135359168766925
20 11505 1.9984700102212047 22.992397467594962
21 11513 2.0012494889977517 23.040385366831114
22 11524 2.002522294566081 23.077066922579522
23 11260 2.0190782343117255 22.734820918350028
13 11611 1.9957705707882147 23.17289209742196
14 11680 1.9962952737058586 23.31672879688443
15 11590 1.9991572959384167 23.17023305992625
16 11519 2.005399142690511 23.100192724652
17 11588 2.0042165163807524 23.224860991820158
18 11557 1.98980959928112 22.996229538891903
19 11575 1.9987351333707926 23.135359168766925
20 11505 1.9984700102212047 22.992397467594962
21 11513 2.0012494889977517 23.040385366831114
22 11524 2.002522294566081 23.077066922579522
23 11260 2.0190782343117255 22.734820918350028