1 12603 2.0460701507005 25.7866221092784
2 12502 1.9789186799832574 24.740441337150685
3 12469 1.9858547256053556 24.761622573573177
4 12448 2.00547096377213 24.964102557035474
5 12425 1.9928499439446437 24.761160553512195
6 12420 1.9952567076217205 24.78108830866177
7 12374 2.000060021298722 24.748742703550388
8 12362 1.9838040906758174 24.523786168934453
9 12406 1.9956836722696312 24.758451638177043
10 12450 1.9599591045302465 24.40149085140157
11 12073 2.0141210754200416 24.316483743546158
12 12404 1.9881654613056994 24.661204382035894
13 12396 2.001156003084782 24.806329814238957
14 12275 1.99925957944391 24.540911337673997
15 12311 2.013113151269932 24.78343600528413
16 12334 2.008548789576015 24.773440770630568
17 12263 1.999100150801678 24.514965149280975
18 12328 2.0062663597087433 24.733251682489385
19 12032 2.0035600429685343 24.106834436997403
20 12030 2.019668844274523 24.296616196622512
21 12310 1.995798449395441 24.568278912057878
22 12383 1.9931636456843693 24.681345424509544
23 12155 1.9993359247283429 24.301928165073008
24 11944 2.0070787202956866 23.97254823521168
25 11876 2.0083933943026 23.85167995073768
26 11874 2.021829023042058 24.007197819601394
27 11877 2.0115302092133867 23.890944294827392
28 11880 2.0339400580443256 24.16320788956659
29 12123 2.009437265270585 24.360407966875304
30 12131 1.999093890359366 24.251007983949467
31 11955 2.0267235355966515 24.229479868057968
32 11927 2.0099839674466766 23.97307877973651
33 11776 2.009767528641468 23.667022417281927
34 11880 2.020653782837797 24.005366940113028
35 11974 2.007526307248469 24.038120002993168
36 11831 2.0267841978482117 23.978883844742192
37 11878 2.031026281892813 24.124530176322832
38 11895 2.0333973410352835 24.1872613716147
39 11905 2.009664041182172 23.925050410273755
40 11977 2.0200477882727057 24.194112360142196
41 11876 2.0245722908193082 24.043820525770105
42 11923 2.023020173569629 24.12046952947069
43 11904 2.014777622511944 23.983912818382176
44 11850 2.0275731696953883 24.026742060890353
45 11875 2.0132614014612105 23.90747914235187
46 11889 2.0268073270092004 24.096712310812382
47 11880 2.0342951208468363 24.167426035660412
48 11908 2.026548853965425 24.132143753020284
49 11840 2.0434286866569713 24.19419565001854
50 11845 2.0419746452270378 24.18718967271426
51 11847 2.0297808849302856 24.046814143769094
52 11863 2.034889840912369 24.139898182743433
53 11861 2.0218393879609295 23.981036980604586
54 11872 2.0242411367128392 24.03179077505483
55 11943 2.027298564436138 24.212026755060798
56 11920 2.0555078844275063 24.501653982375874
57 11883 2.0270197145614306 24.08707526813348
58 11940 2.0413612008658917 24.373852738338744
59 11910 2.041120416899386 24.309744165271688
60 11904 2.043735559921456 24.328628105305015
61 12034 2.01656369488121 24.26732750420048
62 11988 2.035057179448922 24.39626546723367