1 15313 1.9796618040032978 30.3145612047025
2 15368 1.9667259250705231 30.224644016483797
3 15482 1.9465080639974155 30.135837846807988
4 15366 1.96337371470406 30.169200500142587
5 15395 1.9686866319799052 30.30793069933064
6 15419 1.9465660727886793 30.014102276328646
7 15358 1.9624821479714993 30.139800828546285
8 15345 1.9550300768078073 29.9999365286158
9 15309 1.9681623798586498 30.130597873256068
10 15281 1.9730351289174173 30.149949804987052
11 15438 1.9602299071635063 30.26202930679021
12 15293 1.9765746972576645 30.227756845161466
13 15197 1.9721612030784157 29.970933803182685
14 15249 1.9592583401202457 29.876730428493627
15 15231 1.953966204787883 29.760859265124246
16 15255 1.963826350794249 29.958170981366273
17 15132 1.9600202680001704 29.65902669537858
18 15162 1.9660898838823624 29.809854819424377
19 15207 1.961609672808686 29.83019829440169
20 15208 1.9655661229908639 29.892329598445055
21 15043 1.9815024264404575 29.807741000943803
22 14648 1.9719158509676926 28.884623384974763
23 14812 1.9767605800374977 29.27977771151542
24 14954 1.9679270321553264 29.42838083885075
25 14799 1.9845035868886827 29.368668582365615
26 14981 1.97415129003382 29.57476047599666
27 14909 1.9693970135222247 29.361740074602846
28 14751 1.9822542066986881 29.24023180301235
29 14962 1.970155216986636 29.47746235655405
30 14759 1.9661491383979575 29.018395133615453
31 14684 1.9781145146641568 29.046633533328478
32 14702 1.9886106761942113 29.236554161407295
33 14810 1.9770352260212523 29.279891697374747
34 14790 1.9978546747061652 29.54827063890418
35 14822 1.9804456171873306 29.354164937950614
36 14701 1.9890026283780784 29.24032763978613
37 14796 1.9769975907419326 29.251656352617637
38 14745 1.984148267004683 29.25626619698405
39 14719 1.980628799974612 29.152875306826314
40 14782 1.9855473556544458 29.35036101128402
41 14760 1.980708377115331 29.235255646222285
42 14685 1.9969390872322312 29.325050496005314
43 14708 1.9927502655748226 29.30937090607449
44 14831 1.992902775593191 29.556741064822614
45 14797 1.9898017492699231 29.443096483947055
46 14761 1.9833091776104628 29.27562677070804
47 14857 1.977041128065021 29.372900039662017
48 14687 1.984888445592011 29.152056600409864
49 14662 1.985970099007135 29.118293591642615
50 14682 1.9912487779741315 29.235514558216195
51 14819 1.992575240936661 29.52797249544038
52 14813 1.9763784287013508 29.27609366435311
53 14740 1.9904673779418738 29.33948915086322
54 14787 1.984934921013468 29.35123267702615
55 14725 1.9954400643500685 29.38285494755476
56 14712 1.9884675114579273 29.25433402856903
57 14724 2.0208943747580874 29.75564877393808
58 14676 1.9955850181524177 29.28720572640488
59 14772 1.9891083226510107 29.38310814220073
57 14724 2.0208943747580874 29.75564877393808
58 14676 1.9955850181524177 29.28720572640488
59 14772 1.9891083226510107 29.38310814220073