1 12409 1.9687619222227988 24.43036669286271
2 12310 1.9853325105852377 24.439443205304276
3 12467 1.95723592370058 24.40086026077513
4 12500 1.9576582987943647 24.47072873492956
5 12237 1.9814567513645287 24.247086266447738
6 12500 1.9497576733571191 24.37197091696399
7 12435 1.9662001128628062 24.449698403448995
8 12331 1.9630393743142411 24.20623852466891
9 12475 1.9755009532229117 24.644374391455827
10 12491 1.9585841738158523 24.464674915133813
11 12442 1.9624012203392833 24.416195983461364
12 12409 1.9850170184172733 24.632076181539947
13 12330 1.972187077964717 24.31706667130496
14 12290 1.9671489945316618 24.17626114279412
15 12305 1.9779710813859497 24.33893415645411
16 12395 1.9557074539268176 24.240993891422903
17 12468 1.9622512653687811 24.465348776617965
18 12217 1.9679891188879473 24.04292306545405
19 12400 1.9761982400376532 24.5048581764669
20 12204 1.9850522190866038 24.225577281732914
21 12155 1.9700114440421095 23.94548910233184
22 11983 1.9716555280375332 23.62634819247376
23 11890 1.9792084983833163 23.53278904577763
24 12140 1.9732717410660705 23.955518936542095
25 12034 1.9634461688637608 23.628111196106495
26 11800 1.9817320235378426 23.384437877746542
27 11917 1.9802812585400673 23.59901175802198
28 11997 1.9807600337596882 23.76317812501498
29 11950 2.0604946613468123 24.622911203094404
30 11805 1.9952435355373337 23.553849937018224
31 11940 1.9752890101589895 23.584950781298335
32 11920 1.9828638667173797 23.635737291271166
33 11958 1.9761138971606191 23.630369982246684
34 11960 1.9748804931125445 23.619570697626035
35 11956 1.9854239519867245 23.73772876995328
36 11935 1.9895050312368217 23.744742547811466
37 11951 1.980822308075564 23.672807403811063
38 11912 1.984565541449666 23.640144729748418
39 12057 1.9735946558271666 23.79563076530815
40 12005 1.972986112162019 23.68569827650504
41 12019 1.9783418736562308 23.77769097947424
42 12019 1.9806815405277758 23.805811435603335
43 11953 1.9815531253286627 23.685504507053505
44 12025 2.0026178963273638 24.08148020333655
45 11837 1.9991698507628617 23.66417352347999
46 11863 1.9860706004588156 23.56075553324293
47 11905 1.9883743036941681 23.671596085479074
48 11938 1.9900390952016656 23.75708671851748
49 11945 2.010571035940847 24.01627102431342
50 11959 1.9851948575453306 23.74094530138461
51 11962 1.9853288305507424 23.748503471047982
52 11945 1.994223410719895 23.820998641049147
53 11852 2.0123357722486097 23.850203572690525
54 11847 2.0024203787863293 23.722674227481644
55 12013 1.987107565889412 23.871123189029507
56 12011 1.9866521138229118 23.861678539126995
57 12000 1.9923964954675797 23.908757945610954
58 11924 1.9917603889918358 23.749750878338652
59 11981 1.9943321451621432 23.89409343118764
60 12033 1.9856973436073602 23.893896135627365
61 11965 1.9893712933404681 23.802827524818703
62 12005 1.9685873100535336 23.63289065719267