1 10880 1.9824378124807631 21.5689233997907
2 10975 1.9759619909390345 21.686182850555902
3 11015 1.9701548330394951 21.70125548593004
4 11040 1.9845048395989846 21.90893342917279
5 11002 1.9883284458340695 21.875589561066434
6 11015 1.979885140483148 21.808434822421873
7 10926 2.0063728854821097 21.92163014677753
8 10940 1.9888716797561474 21.758256176532253
9 10910 1.983267404160581 21.63744737939194
10 10899 1.9918890200432189 21.70959842945104
11 10998 1.9775902145820012 21.749537179972847
12 10905 1.987993731171076 21.679071638420584
13 11081 1.9769707461379895 21.906812837955062
14 10830 2.0041663411763073 21.70512147493941
15 10784 2.030502564446399 21.896939654989968
16 10865 2.008889873022822 21.826588470392963
17 10815 1.9848925857832689 21.466613315246054
18 10768 1.9890911758195504 21.41853378122492
19 10788 2.0011882910506973 21.58881928385492
20 11062 1.9700775968344564 21.79299837618276
21 10592 2.0067657916473776 21.255663265129023
22 10907 1.994725449683006 21.756470479692545
1 10963 2.019447101249302 22.139198570996093
2 10889 2.017098422796591 21.964184725832077
3 11036 2.0148942802887095 22.236373277266196
4 11090 2.0015181648262725 22.196836447923364
5 11050 2.017524758708105 22.29364858372456
6 11031 2.001058695490649 22.07367846995735
7 10990 2.010534172879572 22.095770559946494
4 11090 2.0015181648262725 22.196836447923364
5 11050 2.017524758708105 22.29364858372456
6 11031 2.001058695490649 22.07367846995735
7 10990 2.010534172879572 22.095770559946494
7 10990 2.010534172879572 22.095770559946494