1 11785 1.987693670909236 23.424969911665347
2 11835 1.9553191870854223 23.141202579155973
3 11799 1.956889101436265 23.08933450784649
4 11719 1.9538835587744852 22.89756142527819
5 11639 1.9612624350864603 22.827133481971313
6 11610 1.966381835635888 22.82969311173266
7 11823 1.9505134243443296 23.06092021602301
8 11747 1.960935732878824 23.035112054127545
9 11682 1.965567986427509 22.96176521744616
10 11629 1.9732521308193829 22.946949029298604
11 11660 1.9671354811100525 22.936799709743212
12 11668 1.9578272623841058 22.843928497497746
13 11610 1.9586688474683291 22.740145319107302
14 11545 1.977880251478586 22.834627503320277
15 11591 1.9633780416378588 22.75751488062442
16 11641 1.9692935689569397 22.924546436227736
17 11565 1.9709747875767798 22.794323418325458
18 11455 1.979455812509992 22.674666332301957
19 11641 1.974140418247693 22.980968608821392
20 11536 1.966569240304899 22.686342756157316
21 11580 1.9711151758089984 22.8255137358682
22 11510 1.9750515258798798 22.732843062877414
23 11509 1.9714262886173144 22.68914515569667
24 11481 1.9737367241744017 22.660471330246306
25 11219 1.977822424137498 22.189189776398592
26 11305 1.9890304425053182 22.485989152522624
27 11585 1.96531967804604 22.768228470163372
28 11242 1.9787312899466558 22.244897161580305
29 11428 1.9786379840128565 22.611874881298924
30 11422 1.988874564278676 22.716925273191038
31 11240 1.9819263385348045 22.276852045131204
32 11485 1.9874967190513473 22.826399818304722
33 11347 1.9745508684419362 22.40522870421065
34 11370 1.9981871530501598 22.719387930180318
35 11284 1.9750749102354621 22.286745287096952
36 11383 1.9843815047605045 22.588214668688824
37 11307 1.985470934886806 22.449719860765114
38 11333 1.9756242182751549 22.38974926571233
39 11295 1.9838832678673424 22.40796151056163
40 11261 1.9786437833138362 22.281507643897108
41 11328 1.9714686517495463 22.33279688701886
42 11295 1.9798552838911911 22.362465431551005
43 11297 1.9788133089964703 22.354653951733127
44 11345 1.980595387966828 22.469854676483664
45 11293 1.986304199544248 22.431333325453192
46 11332 1.9846299169658288 22.489826219056773
47 11248 1.9848798134446115 22.325928141624992
48 11205 1.9836981703138195 22.227337998366348
49 11220 1.9998489129673933 22.43830480349415
50 11300 1.9855624148977546 22.436855288344628
51 11335 1.9828551799793959 22.475663465066454
52 11325 1.9893708370426566 22.529624729508086
53 11395 2.0561657857387674 23.430009128493253
54 11300 1.9930004074035519 22.520904603660135
55 11259 1.991113845071416 22.417950781659073
56 11366 1.9829478616899858 22.53818539596838
57 11251 1.9856040072970178 22.340030686098746
58 11395 1.9757305812457846 22.513449973295714
59 11395 1.9605009134044087 22.339907908243237
60 11382 1.9776839295638946 22.509998486296247
61 11383 1.9743345113319752 22.473849742491876