1 14098 1.9969876187272402 28.153531448816633
2 14122 1.996759523091061 28.198237985091964
3 14194 2.0126360594442962 28.567356227752338
4 14198 1.9935570325817997 28.30452274859639
5 14039 2.0044406057808923 28.140341664557944
6 13805 2.0146800466507253 27.812658044013265
7 14077 1.9932389325587516 28.058824453629548
8 13970 2.006030659007568 28.024248306335725
9 14126 1.9970373149497571 28.21014911098027
10 14112 2.00525511988651 28.298160251838432
11 14108 1.9918149133743202 28.10052479788491
12 14091 1.997154216592432 28.14190006600396
13 13944 2.0051918114866885 27.960394619370383
14 13975 1.9959665616099407 27.89363269849892
15 13802 1.9944076528697878 27.52681442490881
16 13789 2.0043228754156153 27.637608129105917
17 13703 2.011722196308065 27.56662925600942
18 13635 2.000397420532056 27.275418828954578
19 13718 2.0121780141846504 27.603057998585033
20 13684 1.9923716741325204 27.26361398882941
21 13755 2.016344057702876 27.73481251370306
22 13334 2.003198897611992 26.7106541007583
23 13592 2.01770967382078 27.42470988657204
24 13552 2.0081175644587055 27.214009233544378
25 13708 2.0050978133305124 27.485880825134664
26 13413 2.0108041763683504 26.970916417628686
27 13321 2.028823567177597 27.02595873837277
28 13335 2.0257518031418584 27.013400294896684
29 13380 2.006635818758031 26.848787254982454
30 13339 2.0105411454207407 26.81860833876726
31 13451 2.007002595707808 26.996191914865726
32 13589 2.00441058366919 27.23793542148062
33 13445 2.016540079572639 27.112381369854134
34 13384 2.0049398508965313 26.834114964399173
35 13232 2.024151841857852 26.7835771714631
36 13349 2.005416779281536 26.770308586629227
37 13265 2.0210005082536493 26.808571741984657
38 13252 2.1523987756591643 28.523588575035248
39 13279 2.020306926660325 26.827655679122458
40 13285 2.0129474532627585 26.742006916595745
41 13281 2.020551160444725 26.83493996186639
42 13340 2.025749069039836 27.02349258099141
43 13304 2.0296517849851314 27.00248734744219
44 13278 2.031383674094702 26.972712424629457
45 13345 2.026120295552577 27.038575344149145
46 13334 2.020420990243437 26.940293483905993
47 13317 2.0369795779308726 27.126457039305432
48 13406 2.021284259749671 27.09733678620409
49 13413 2.000411668900598 26.831521714963724
50 13431 2.011203823869559 27.012478558392047
51 13491 2.020357798377289 27.256647057908005
52 13435 2.0268655642985127 27.23093885635052
53 13372 2.036446528299747 27.231362976424215
54 13282 2.0370105811842314 27.05557453928896
55 13321 2.025351659650991 26.97970945821085
56 13367 2.028398436437624 27.113601899861717
57 13300 2.0084152984337424 26.711923469168774
58 13280 2.0323091822155903 26.989065939823043
59 13305 2.0300185847301004 27.009397269833986
60 13295 2.0257301932788403 26.93208291964218
61 13323 2.0323426242215117 27.076900782503202