1 11580 2.0097088548541593 23.272428539211166
1 11580 2.0097088548541593 23.272428539211166
2 11552 2.0121590915677943 23.244461825791156
3 11538 2.034104621957933 23.46949912815063
4 11595 2.003394968300007 23.22936465743858
5 11645 2.0004263732824916 23.294965116874614
6 11635 1.997498924962638 23.240899991940292
7 11675 1.9922872721296028 23.259953902113114
8 11574 2.0050748537250733 23.206736357014
9 11570 2.0116907287204193 23.27526173129525
10 11520 2.019340801438459 23.262806032571046
11 11561 2.008092110929924 23.215552894460853
12 11480 2.0253147970091803 23.250613869665386
13 11506 2.0138982601365 23.17191338113057
14 11540 2.0160446467588944 23.26515522359764
15 11435 2.022238812393197 23.124300819716208
16 11521 2.021374245653731 23.288252684176634
17 11485 2.0109272655024455 23.09549964429559
18 11534 2.0249165249188326 23.355387198413812
19 11465 2.025442760020681 23.221701243637106
20 11344 2.0403497816229144 23.14572792273034
21 11477 2.0136818045275846 23.11102607056309
22 11313 2.0262185350563975 22.922610287093026
23 11435 2.021512444007503 23.1159947972258
24 11500 2.014497383566959 23.166719911020028
25 11343 2.028276936833653 23.00674529450412
26 11273 2.0225124264835213 22.799782583748737
27 11421 2.0695765040049796 23.63663325224087
28 11307 2.0406735071517708 23.073895345365074
29 11739 2.0005797595120938 23.484805796912468
30 11328 2.0084386164351815 22.751592646977738
31 11295 2.0227699242326502 22.847186294207788
32 11180 2.0318270062003085 22.71582592931945
33 11230 2.030831554097272 22.806238352512366
34 11180 2.0241011107888767 22.629450418619644
35 11215 2.037081152740273 22.84586512798216
36 11237 2.0406303429918253 22.930563164199143
37 11230 2.042476405025124 22.93701002843214
38 11150 2.0411715997202475 22.759063336880757
39 11303 2.0233031123357574 22.869395078731063
40 11142 2.05144431615082 22.857192570552435
41 11220 2.030834799163069 22.78596644660963
42 11135 2.030515153874152 22.609786238388683
43 11194 2.0361293677941 22.792432143087154
44 11223 2.0449566306208338 22.950548265457616
45 11167 2.051416906476393 22.908172594621885
46 11175 2.033370802673038 22.7229187198712
47 11220 2.0435137577706857 22.92822436218709
48 11222 2.044290639062506 22.941029551559446
49 11195 2.031453541431909 22.74212239633022
50 11366 2.015862733891368 22.91229583340929
51 11171 2.0421596863608342 22.81296585633688
52 11283 2.0320523585412444 22.927646761420863
53 11341 2.111989996909638 23.9520785549522
54 11289 2.0330229155761965 22.950795693939682
55 11412 2.031548900170376 23.18403604874433
56 11252 2.0582810579876756 23.159778464477327
57 11226 2.029650537499959 22.784856933974538
58 11253 2.0576134443507894 23.15432408927943
59 11340 2.037137116589373 23.101134902123487
60 11246 2.239268434745193 25.182812817144445
