1 13602 1.984404516085098 26.9918702277895
2 13832 1.9687382304432193 27.23158720349061
3 13798 1.9757767589629818 27.26176772017122
4 13835 1.9718086440592097 27.279972590559165
5 13822 1.9886607041108921 27.48726825222075
6 13806 1.980887571506852 27.348133812223598
7 13774 1.9751873410192649 27.206230435199355
8 13767 1.9786990006047513 27.24074914132561
9 13765 1.9752713990462385 27.18961080787147
10 13701 1.9793292274536305 27.11878974534219
11 13692 1.9844903815733288 27.171642304502015
12 13807 1.9837072577256754 27.389046107418398
13 13732 1.984915024464609 27.25685311594801
14 13690 1.9826044251467212 27.141854580258613
15 13690 2.081523698022494 28.49605942592794
16 13664 2.0439896901201706 27.929075125802015
17 13732 2.0313730580743865 27.894814833477476
18 13610 2.0189612489610886 27.47806259836042
19 13585 2.0012465691147017 27.186934641423225
20 13527 2.008425211146073 27.16796783117293
21 13500 2.0492186341869685 27.664451561524075
22 13700 2.020287268180518 27.677935574073096
23 13610 2.036805543123656 27.72092344191296
24 13429 2.0198200370298527 27.124163277273894
25 13325 2.0286703650491003 27.03203261427926
26 13226 2.020355711590129 26.721224641491048
27 13463 2.031876038244977 27.355147102892126
28 13373 2.059544211281171 27.5422847374631
29 13437 2.0373220057648127 27.375495791461788
30 13402 2.0197977261248035 27.069329125524614
31 13444 2.043059260959956 27.466888704345646
32 13408 2.0268717084054773 27.176295866300638
33 13299 2.0359183257090967 27.075677813605274
34 13297 2.0395230121779138 27.119537492929716
35 13380 2.0157583813785007 26.970847142844338
36 13296 2.045268496703066 27.193889932163966
37 13292 2.0568041317417025 27.33904051911071
38 13249 2.052135441032534 27.188742458240043
39 13331 2.0441609632736952 27.25070980140163
40 13328 2.037831636600689 27.160220052613983
41 13321 2.036238037161604 27.124726893029727
42 13568 2.0319602917780517 27.569637238844606
43 13353 2.027766218091566 27.07676231017668
44 13325 2.141501895424143 28.53551275652671
45 13375 2.0504911604573337 27.425319271116837
46 13454 2.0299299036952725 27.310676924316198
47 13446 2.0268826690862833 27.253464368534164
48 13384 2.0309353359329028 27.18203853612597
49 13432 2.0356282863683393 27.342559142499532
50 13517 2.040531389633942 27.581862793682
51 13450 2.0439190430787444 27.49071112940911
52 13590 2.0272348388093913 27.550121459419625
53 13297 2.0698164258986598 27.52234901517448
54 13449 2.0332226799118795 27.344811822134872
55 13294 2.0457835611009316 27.196646661275786
56 13327 2.054076955562057 27.37468358677553
57 13357 2.05539151758876 27.453864500433067
58 13371 2.0835830461561216 27.859588910153498
59 13347 2.047667113181466 27.33021295963303
60 13437 2.0384826728137613 27.39109167459851
61 13400 2.1478045471922886 28.78058093237667