0 20280 1.9951816031991483 40.46228291287873
1 20060 2.0001193907176655 40.12239497779637
2 20180 1.9934546705083935 40.22791525085938
3 20116 2.0003660449310674 40.239363359833355
4 19758 2.0047918996519134 39.610678353322506
5 20006 2.0058120279356766 40.128275430881146
6 20181 2.005559900203464 40.47420434600611
7 20078 2.014968282575791 40.45653317755673
8 19723 2.011222877242302 39.66734880784992
9 19579 2.016010498218382 39.471469544617705
10 19646 2.00403701457768 39.3713111883931
11 19591 2.001904182664192 39.21930484257418
12 19622 2.019818305800484 39.6328747964171
13 19618 2.0216551118237382 39.6608299837581
14 19565 2.015367065421305 39.43065663496783
15 19567 2.0191422187597214 39.50855579447147
16 19669 2.0068897793347746 39.47351506973568
17 19718 2.015111466710574 39.7339679005991
18 19621 2.0090568330011696 39.41970412031595
19 19554 2.0129898498244514 39.36200352346733
20 19593 2.0137850117584546 39.4560897353834
21 19646 2.0185173549989712 39.65579195630979
22 19593 2.022722896221793 39.6312097056736
23 19589 2.033525511512875 39.83473124502571
24 19663 2.013396451182278 39.589414419597134
25 19644 2.010818054318328 39.50050985902924
26 19597 2.0123282542001975 39.43559679756127
27 19640 2.0221954163681732 39.715917977470916
28 19671 2.0132730313023393 39.60309379874832
29 19638 2.018104887832936 39.631543787263205
30 19584 2.0301008828300997 39.75749568934467
31 19566 2.019535884795867 39.51423912191594
32 19797 2.007408801493996 39.74067204317664
33 19731 2.019192035910342 39.84067806054696
34 19695 2.0225783021921164 39.83467966167373
35 19708 2.0181441727184493 39.7735853559352
36 19689 2.030042357103749 39.96950396901571
37 19668 2.03136424353995 39.952871941943734
38 19540 2.0276808072340717 39.620882973353766
39 19581 2.029248410551237 39.73471312700377
40 19607 2.0229265244782066 39.66352036544419
41 19614 2.0197895124071077 39.61615149635301
42 19724 2.015149742394122 39.74681351898166
43 19628 2.026425952964917 39.77468860479539
44 19572 2.0146817850357284 39.43135189671928
45 19645 2.028750327608971 39.85480018587824
46 19711 2.021276161594476 39.84137442118871
47 19650 2.025827615195787 39.80751263859721
48 19676 2.0239267701075705 39.82278312863655
49 19635 2.040091388990349 40.0571944228255
50 19589 2.03646035932628 39.89222197884249
51 19746 2.0236707728050036 39.95940307980761
52 19691 2.0273385515067908 39.92032341772022
53 19692 2.03759060058429 40.124234106705835
54 19682 2.0480237980432134 40.309204393086524
55 19707 2.0292669895614037 39.99076456328658
56 19757 2.032473158069432 40.15557218397777
57 19682 2.028782174796835 39.930490764351305
58 19661 2.0271968098939337 39.856716479324625
59 19673 2.035078025147267 40.03608998872218
60 19694 2.0265749535983804 39.911367136166504