1 16185 2.035716158106957 32.9480660189611
2 16130 2.023264199048385 32.63525153065045
3 16180 1.9818410094167658 32.06618753236327
4 16305 1.9199214387435681 31.30431905871388
5 16271 1.928691365550638 31.38173720887443
6 16290 1.936224638426799 31.541099359972556
7 16139 1.9388928492181472 31.291791693531678
8 16246 1.9408710175644424 31.53139055135193
9 16097 1.945899930051873 31.323151174044998
10 15914 1.9968324391103374 31.77759143600191
11 16061 1.9446761028088468 31.233442887212888
12 16161 1.9378475921720024 31.31755493709173
13 16167 1.9451760508324578 31.447661213808345
14 16199 1.9313086844967307 31.28526938016254
15 16095 1.9420570380353395 31.25740802717879
16 16017 1.9335506723147244 30.96968111846494
17 15994 1.9517194466625674 31.215800829921104
18 15680 1.9588488302316145 30.714749658031717
19 15991 1.944984133455026 31.10224127807932
20 15956 1.9483710243505197 31.088208064536893
21 16081 1.946884597217875 31.307851207860647
22 16068 1.9612512581272965 31.513385215589402
23 15628 2.958557209910645 46.23633207648356
24 15216 2.3717098522741105 36.087937112202866
25 15509 2.0458707064226265 31.72940878590851
26 15415 1.976745435589718 30.471530889615504
27 15760 1.9582988308143763 30.862789573634572
28 15817 1.9550239962305906 30.922614548379254
29 15659 1.9554504661949126 30.620398850146135
30 15494 1.9521419098596584 30.24648675136555
31 15350 1.9565457586215853 30.032977394841335
32 15371 1.9631385977948126 30.175403386704062
33 15400 1.9699378129814533 30.33704231991438
34 15400 1.9605960879451643 30.19317975435553
35 15431 1.958412058993095 30.220256482322444
36 15549 1.9592189546392909 30.463895525686333
37 15410 1.967320985733447 30.31641639015242
38 15335 1.9632813022522289 30.10691877003793
39 15387 1.9986566969563904 30.75333059606798
40 15512 1.9745550280175255 30.629297594607856
41 15433 1.9618456209307393 30.2771634678241
42 15502 1.9539738800607027 30.290503088701016
43 15462 1.9567602633224237 30.255427191491314
44 15479 1.9563268797917848 30.281983772297036
45 15313 1.9629828544327637 30.05915644992891
46 15503 1.9615475786084156 30.409872111166266
47 15381 1.948378748197548 29.968013526026485
48 15370 1.9518959546524546 30.000640823008226
49 15495 2.01248301819291 31.18342436689914
50 15400 1.9568683250618943 30.135772205953174
51 15536 1.9497866956044316 30.29188610291045
52 15508 1.950447099420059 30.247533617806273
53 15511 1.9766015541967867 30.65906670714636
54 15434 1.964656053676956 30.322501532450136
55 15443 1.9578593876636814 30.23522252369023
56 15309 1.9551513580993751 29.931412141143333
57 15561 1.9478378933752398 30.31030545881211
58 15586 1.95302559844729 30.43985697739946
59 15562 1.9493246386411267 30.33539002653321
60 15570 1.9475422964020563 30.323233554980014
61 15525 1.9885144630870104 30.871687039425836