1 16027 2.1870799960524887 35.05233109673323
2 16219 1.9793720246445905 32.10343486771061
3 15990 1.9985408400738074 31.95666803278018
4 16088 1.9787530405031055 31.83417891561396
5 16130 1.9833020787807272 31.99066253073313
6 16108 1.9984155434320463 32.1904775736034
7 16120 1.996367087994538 32.181437458471954
8 16088 1.987906143895186 31.98143404298575
9 16053 1.9917737931037516 31.973944700694524
10 16254 1.9886877803300353 32.3241311814844
11 16148 1.9861961785604179 32.07309589139363
12 16177 1.9833033412627603 32.08389815160768
13 15949 1.990943176048463 31.753552714796935
14 16068 1.9929549034554288 32.02279938872183
15 16090 1.9932115425507078 32.07077371964089
16 15876 2.007125771710295 31.865128751672643
17 15874 2.0061833589597335 31.846154640126812
18 15648 1.9960412989476217 31.234054245932384
19 16042 1.9840866114997115 31.82871742167837
20 15746 2.0553481990217546 32.36351274179655
21 15849 1.9944700040099523 31.610355093553736
22 15814 2.0067431556516535 31.734636263475252
23 15566 2.004383108907227 31.2002274732499
24 15818 2.062424928141631 32.62343751334433
25 15512 2.075176131979027 32.19013215925867
26 15379 2.0062117462577835 30.853530445698457
27 15693 2.0039176382794355 31.44747949751918
28 15722 2.0136457479088397 31.658538448622778
29 15465 2.071099181902541 32.02954884812279
30 15498 2.1578518532168416 33.44238802115461
31 15555 2.0069304474057854 31.217803109396996
32 15430 2.1648346290676503 33.403398326513845
33 15455 2.10874611498781 32.5906712071366
34 15359 2.108229788608067 32.3803013232313
35 15396 2.163617688628542 33.31105793412503
36 15570 2.134759769908348 33.23820961747298
37 15456 2.1006732366973253 32.46800554639386
38 15470 2.1435719017465726 33.16105732001948
39 15485 2.184626674068184 33.828944047945825
40 15307 2.1244227215463596 32.51853859871012
41 15425 2.0189549226259156 31.142379681504746
42 15400 2.023467930189829 31.161406124923367
43 15407 2.0272319345636802 31.23356241582262
44 15407 2.0181516770885044 31.09366288890259
45 15428 2.0101096695990495 31.01197198257414
46 15430 2.026871314496556 31.27462438268186
47 15524 2.0089719729304747 31.18728090777269
48 15406 2.020373380544875 31.12587230067434
49 15526 2.0043419333779817 31.119412857626543
50 15488 2.0052377960819454 31.057122985717168
51 15401 2.01860026479765 31.088462678148613
52 15424 2.0757508789705565 32.016381557241864
53 15493 2.0166065951915138 31.243285979302122
54 15473 2.012187706986778 31.13458039020642
55 15425 1.9994385978524993 30.8413403718748
56 15492 1.9917151904570505 30.855651730560623
57 15393 1.9911556598753792 30.649859072461712
58 15547 1.988057843534779 30.90833529343521
59 15435 2.000253479787843 30.87391246052536
60 15548 1.9798534703338937 30.78276175675138
61 15537 1.9787527562252107 30.7438815734711
